0 1 90 14
0 2 50 14
0 3 70 14
0 4 10 14
0 5 70 14
0 6 50 14
0 16 60 14
0 17 60 14
0 18 70 14
0 19 20 14
0 22 90 14
0 25 10 14
0 31 50 14
0 34 20 14
0 37 50 14
0 39 10 14
0 52 40 14
0 60 50 14
0 71 30 14
0 77 50 14
0 80 80 14
1 0 90 21
1 4 100 21
1 8 20 21
1 9 80 21
1 16 50 21
1 22 100 21
1 37 90 21
1 41 60 21
1 43 80 21
1 47 60 21
1 87 30 21
1 88 20 21
1 96 50 21
1 97 70 21
2 0 50 150
2 9 70 150
3 0 70 18
3 4 40 18
3 5 80 18
3 7 40 18
3 8 40 18
3 13 90 18
3 14 80 18
3 21 40 18
3 26 90 18
3 29 10 18
3 33 60 18
3 45 100 18
3 46 60 18
3 71 10 18
3 75 50 18
3 97 100 18
4 0 10 11
4 1 100 11
4 3 40 11
4 5 90 11
4 6 50 11
4 7 40 11
4 9 90 11
4 11 50 11
4 12 50 11
4 13 40 11
4 14 70 11
4 15 60 11
4 19 80 11
4 25 80 11
4 27 100 11
4 32 80 11
4 36 70 11
4 40 60 11
4 44 30 11
4 46 50 11
4 48 90 11
4 54 10 11
4 58 10 11
4 82 90 11
4 85 100 11
4 95 100 11
5 0 70 16
5 3 80 16
5 4 90 16
5 6 30 16
5 7 10 16
5 10 100 16
5 16 60 16
5 17 90 16
5 18 50 16
5 31 70 16
5 33 70 16
5 38 70 16
5 39 90 16
5 40 10 16
5 41 50 16
5 42 40 16
5 52 10 16
5 61 90 16
6 0 50 20
6 4 50 20
6 5 30 20
6 10 30 20
6 12 90 20
6 13 10 20
6 23 40 20
6 25 30 20
6 47 80 20
6 48 30 20
6 49 10 20
6 51 100 20
6 53 20 20
6 69 50 20
6 80 100 20
16 0 60 25
16 1 50 25
16 5 60 25
16 28 60 25
16 32 30 25
16 36 50 25
16 43 70 25
16 45 60 25
16 63 60 25
16 68 70 25
16 76 90 25
16 84 90 25
17 0 60 75
17 5 90 75
17 7 30 75
17 83 80 75
18 0 70 42
18 5 50 42
18 7 50 42
18 20 90 42
18 29 20 42
18 39 10 42
18 66 90 42
19 0 20 20
19 4 80 20
19 9 70 20
19 21 50 20
19 24 90 20
19 26 10 20
19 27 70 20
19 38 60 20
19 53 50 20
19 58 20 20
19 62 100 20
19 64 80 20
19 65 40 20
19 89 50 20
19 92 40 20
22 0 90 33
22 1 100 33
22 8 90 33
22 23 70 33
22 37 30 33
22 63 80 33
22 84 100 33
22 94 100 33
22 99 20 33
25 0 10 75
25 4 80 75
25 6 30 75
25 35 70 75
31 0 50 60
31 5 70 60
31 8 40 60
31 79 60 60
31 88 10 60
34 0 20 75
34 15 20 75
34 26 60 75
34 80 60 75
37 0 50 60
37 1 90 60
37 22 30 60
37 48 100 60
37 72 50 60
39 0 10 75
39 5 90 75
39 18 10 75
39 70 20 75
52 0 40 75
52 5 10 75
52 51 40 75
52 64 40 75
60 0 50 100
60 38 80 100
60 40 40 100
71 0 30 100
71 3 10 100
71 8 10 100
77 0 50 60
77 8 40 60
77 35 80 60
77 78 60 60
77 91 70 60
80 0 80 50
80 6 100 50
80 34 60 50
80 85 10 50
80 38 100 50
80 86 100 1084724
8 1 20 13
8 3 40 13
8 7 20 13
8 11 10 13
8 15 20 13
8 21 80 13
8 22 90 13
8 30 50 13
8 31 40 13
8 32 100 13
8 33 20 13
8 42 100 13
8 64 30 13
8 65 100 13
8 71 10 13
8 72 100 13
8 73 70 13
8 77 40 13
8 81 90 13
8 84 100 13
8 85 50 13
8 88 80 13
9 1 80 42
9 2 70 42
9 4 90 42
9 19 70 42
9 20 50 42
9 29 10 42
9 49 10 42
41 1 60 100
41 5 50 100
41 30 100 100
43 1 80 60
43 16 70 60
43 38 60 60
43 86 10 60
43 62 100 1084724
47 1 60 75
47 6 80 75
47 29 20 75
47 90 80 75
87 1 30 100
87 7 90 100
87 35 30 100
88 1 20 100
88 8 80 100
88 31 10 100
96 1 50 100
96 12 60 100
96 35 90 100
97 1 70 100
97 3 100 100
97 68 10 100
7 3 40 23
7 4 40 23
7 5 10 23
7 8 20 23
7 10 50 23
7 11 100 23
7 12 60 23
7 14 100 23
7 17 30 23
7 18 50 23
7 20 50 23
7 57 30 23
7 87 90 23
13 3 90 50
13 4 40 50
13 6 10 50
13 24 50 50
13 51 80 50
13 61 60 50
14 3 80 27
14 4 70 27
14 7 100 27
14 15 10 27
14 28 20 27
14 42 20 27
14 46 20 27
14 50 90 27
14 62 90 27
14 68 100 27
14 98 10 27
21 3 40 60
21 8 80 60
21 19 50 60
21 56 40 60
21 75 10 60
26 3 90 42
26 19 10 42
26 20 10 42
26 34 60 42
26 50 100 42
26 61 100 42
26 98 50 42
29 3 10 75
29 9 10 75
29 18 20 75
29 47 20 75
33 3 60 75
33 5 70 75
33 8 20 75
33 57 20 75
45 3 100 100
45 16 60 100
45 40 60 100
46 3 60 60
46 4 50 60
46 14 20 60
46 55 10 60
46 62 100 60
75 3 50 100
75 21 10 100
75 27 30 100
11 4 50 50
11 7 100 50
11 8 10 50
11 27 10 50
11 59 80 50
11 69 90 50
12 4 50 37
12 6 90 37
12 7 60 37
12 30 10 37
12 51 30 37
12 94 60 37
12 95 60 37
12 96 60 37
15 4 60 42
15 8 20 42
15 14 10 42
15 23 10 42
15 34 20 42
15 44 60 42
15 89 60 42
27 4 100 33
27 11 10 33
27 19 70 33
27 35 50 33
27 49 50 33
27 54 20 33
27 55 70 33
27 75 30 33
27 92 40 33
32 4 80 50
32 8 100 50
32 16 30 50
32 50 70 50
32 86 20 50
32 93 80 50
36 4 70 60
36 16 50 60
36 35 100 60
36 76 80 60
36 81 10 60
40 4 60 37
40 5 10 37
40 38 90 37
40 45 60 37
40 60 40 37
40 74 100 37
40 79 80 37
40 95 100 37
44 4 30 60
44 15 60 60
44 38 30 60
44 56 70 60
44 63 20 60
48 4 90 100
48 6 30 100
48 37 100 100
54 4 10 75
54 20 50 75
54 27 20 75
54 92 80 75
58 4 10 100
58 10 70 100
58 19 20 100
82 4 90 75
82 50 70 75
82 64 70 75
82 83 80 75
85 4 100 100
85 8 50 100
85 80 10 100
95 4 100 100
95 12 60 100
95 40 100 100
10 5 100 50
10 6 30 50
10 7 50 50
10 28 70 50
10 58 70 50
10 73 10 50
38 5 70 25
38 19 60 25
38 28 100 25
38 40 90 25
38 43 60 25
38 44 30 25
38 59 50 25
38 60 80 25
38 70 60 25
38 78 80 25
38 62 100 25
38 80 100 1084724
42 5 40 75
42 8 100 75
42 14 20 75
42 83 10 75
61 5 90 42
61 13 60 42
61 26 100 42
61 67 10 42
61 81 70 42
61 93 80 42
61 94 10 42
23 6 40 75
23 15 10 75
23 22 70 75
23 67 30 75
49 6 10 75
49 9 10 75
49 27 50 75
49 76 60 75
51 6 100 60
51 12 30 60
51 13 80 60
51 52 40 60
51 89 70 60
53 6 20 75
53 19 50 75
53 50 70 75
53 70 100 75
69 6 50 75
69 11 90 75
69 56 20 75
69 86 100 75
20 7 50 50
20 9 50 50
20 18 90 50
20 24 70 50
20 26 10 50
20 54 50 50
57 7 30 100
57 33 20 100
57 35 80 100
30 8 50 75
30 12 10 75
30 28 40 75
30 41 100 75
64 8 30 50
64 19 80 50
64 52 40 50
64 65 80 50
64 82 70 50
64 93 10 50
65 8 100 50
65 19 40 50
65 64 80 50
65 90 80 50
65 98 50 50
65 99 30 50
72 8 100 100
72 37 50 100
72 56 80 100
73 8 70 100
73 10 10 100
73 28 30 100
81 8 90 100
81 36 10 100
81 61 70 100
84 8 100 100
84 16 90 100
84 22 100 100
28 10 70 37
28 14 20 37
28 16 60 37
28 30 40 37
28 35 50 37
28 38 100 37
28 73 30 37
28 91 20 37
59 11 80 75
59 35 80 75
59 38 50 75
59 66 30 75
94 12 60 100
94 22 100 100
94 61 10 100
24 13 50 75
24 19 90 75
24 20 70 75
24 90 100 75
50 14 90 60
50 26 100 60
50 32 70 60
50 53 70 60
50 82 70 60
62 14 90 60
62 19 100 60
62 46 100 60
62 43 100 60
62 38 100 1084724
68 14 100 75
68 16 70 75
68 55 40 75
68 97 10 75
98 14 10 100
98 26 50 100
98 65 50 100
89 15 60 100
89 19 50 100
89 51 70 100
63 16 60 100
63 22 80 100
63 44 20 100
76 16 90 100
76 36 80 100
76 49 60 100
83 17 80 100
83 42 10 100
83 82 80 100
66 18 90 100
66 35 20 100
66 59 30 100
92 19 40 100
92 27 40 100
92 54 80 100
56 21 40 60
56 35 80 60
56 44 70 60
56 69 20 60
56 72 80 60
99 22 20 100
99 65 30 100
99 90 80 100
67 23 30 75
67 35 40 75
67 61 10 75
67 74 50 75
90 24 100 60
90 47 80 60
90 65 80 60
90 91 10 60
90 99 80 60
35 25 70 23
35 27 50 23
35 28 50 23
35 36 100 23
35 55 50 23
35 56 80 23
35 57 80 23
35 59 80 23
35 66 20 23
35 67 40 23
35 77 80 23
35 87 30 23
35 96 90 23
55 27 70 75
55 35 50 75
55 46 10 75
55 68 40 75
91 28 20 100
91 77 70 100
91 90 10 100
79 31 60 100
79 40 80 100
79 70 80 100
86 32 20 75
86 43 10 75
86 69 100 75
86 80 100 75
93 32 80 100
93 61 80 100
93 64 10 100
70 38 60 60
70 39 20 60
70 53 100 60
70 74 50 60
70 79 80 60
78 38 80 100
78 74 10 100
78 77 60 100
74 40 100 75
74 67 50 75
74 70 50 75
74 78 10 75
