0 1 10.0 14
0 2 40.0 14
0 3 80.0 14
0 4 20.0 14
0 5 10.0 14
0 6 60.0 14
0 7 20.0 14
0 11 60.0 14
0 17 80.0 14
0 18 20.0 14
0 19 10.0 14
0 25 30.0 14
0 27 50.0 14
0 40 30.0 14
0 49 80.0 14
0 50 20.0 14
0 59 70.0 14
0 75 50.0 14
0 90 30.0 14
0 92 40.0 14
0 94 20.0 14
1 0 10.0 25
1 4 70.0 25
1 14 10.0 25
1 19 80.0 25
1 21 100.0 25
1 56 20.0 25
1 65 20.0 25
1 70 10.0 25
1 71 90.0 25
1 81 70.0 25
1 13 100.0 25
1 38 100.0 1084743
2 0 40.0 30
2 7 40.0 30
2 8 40.0 30
2 16 60.0 30
2 27 90.0 30
2 31 80.0 30
2 34 90.0 30
2 36 10.0 30
2 47 40.0 30
2 82 70.0 30
3 0 80.0 18
3 4 10.0 18
3 5 100.0 18
3 6 10.0 18
3 10 30.0 18
3 11 30.0 18
3 13 40.0 18
3 15 90.0 18
3 16 40.0 18
3 20 80.0 18
3 22 50.0 18
3 24 40.0 18
3 32 60.0 18
3 34 60.0 18
3 47 90.0 18
3 76 20.0 18
4 0 20.0 9
4 1 70.0 9
4 3 10.0 9
4 5 20.0 9
4 6 50.0 9
4 7 10.0 9
4 8 10.0 9
4 9 100.0 9
4 11 100.0 9
4 12 30.0 9
4 17 100.0 9
4 18 10.0 9
4 24 80.0 9
4 26 70.0 9
4 30 20.0 9
4 33 70.0 9
4 37 70.0 9
4 42 60.0 9
4 44 10.0 9
4 45 40.0 9
4 46 60.0 9
4 52 90.0 9
4 62 60.0 9
4 64 40.0 9
4 67 100.0 9
4 68 40.0 9
4 71 40.0 9
4 78 80.0 9
4 79 20.0 9
4 90 90.0 9
4 92 70.0 9
4 93 90.0 9
5 0 10.0 42
5 3 100.0 42
5 4 20.0 42
5 14 50.0 42
5 19 60.0 42
5 23 30.0 42
5 83 70.0 42
6 0 60.0 23
6 3 10.0 23
6 4 50.0 23
6 8 80.0 23
6 9 10.0 23
6 18 50.0 23
6 21 70.0 23
6 45 20.0 23
6 46 60.0 23
6 47 100.0 23
6 49 50.0 23
6 62 30.0 23
6 77 40.0 23
7 0 20.0 20
7 2 40.0 20
7 4 10.0 20
7 10 90.0 20
7 12 90.0 20
7 17 20.0 20
7 20 30.0 20
7 29 30.0 20
7 33 80.0 20
7 43 30.0 20
7 51 80.0 20
7 65 80.0 20
7 66 80.0 20
7 74 20.0 20
7 91 40.0 20
11 0 60.0 27
11 3 30.0 27
11 4 100.0 27
11 14 50.0 27
11 15 40.0 27
11 39 50.0 27
11 41 90.0 27
11 42 20.0 27
11 50 10.0 27
11 74 70.0 27
11 78 100.0 27
17 0 80.0 60
17 4 100.0 60
17 7 20.0 60
17 46 10.0 60
17 56 40.0 60
18 0 20.0 60
18 4 10.0 60
18 6 50.0 60
18 30 60.0 60
18 40 70.0 60
19 0 10.0 37
19 1 80.0 37
19 5 60.0 37
19 25 90.0 37
19 55 30.0 37
19 60 50.0 37
19 67 100.0 37
19 38 100.0 37
25 0 30.0 37
25 14 70.0 37
25 19 90.0 37
25 28 70.0 37
25 39 10.0 37
25 41 10.0 37
25 55 40.0 37
25 58 50.0 37
27 0 50.0 75
27 2 90.0 75
27 8 60.0 75
27 89 30.0 75
40 0 30.0 100
40 10 40.0 100
40 18 70.0 100
49 0 80.0 60
49 6 50.0 60
49 16 30.0 60
49 77 20.0 60
49 91 30.0 60
50 0 20.0 60
50 11 10.0 60
50 42 20.0 60
50 58 40.0 60
50 64 20.0 60
59 0 70.0 100
59 8 10.0 100
59 44 50.0 100
75 0 50.0 100
75 32 10.0 100
75 72 20.0 100
90 0 30.0 75
90 4 90.0 75
90 82 40.0 75
90 98 50.0 75
92 0 40.0 75
92 4 70.0 75
92 71 60.0 75
92 97 80.0 75
94 0 20.0 100
94 37 100.0 100
94 66 50.0 100
14 1 10.0 16
14 5 50.0 16
14 11 50.0 16
14 20 60.0 16
14 25 70.0 16
14 29 20.0 16
14 41 90.0 16
14 44 70.0 16
14 51 30.0 16
14 54 80.0 16
14 64 30.0 16
14 65 80.0 16
14 70 70.0 16
14 72 60.0 16
14 87 50.0 16
14 93 70.0 16
14 97 50.0 16
14 99 100.0 16
21 1 100.0 60
21 6 70.0 60
21 13 60.0 60
21 35 70.0 60
21 79 30.0 60
56 1 20.0 60
56 9 40.0 60
56 17 40.0 60
56 67 80.0 60
56 43 100.0 1084743
65 1 20.0 75
65 7 80.0 75
65 14 80.0 75
65 89 60.0 75
70 1 10.0 75
70 14 70.0 75
70 34 40.0 75
70 80 50.0 75
71 1 90.0 50
71 4 40.0 50
71 54 70.0 50
71 76 100.0 50
71 78 50.0 50
71 92 60.0 50
81 1 70.0 100
81 66 80.0 100
81 72 50.0 100
13 3 40.0 37
13 8 100.0 37
13 9 30.0 37
13 21 60.0 37
13 54 80.0 37
13 73 30.0 37
13 43 100.0 37
13 1 100.0 1084743
38 10 60.0 42
38 20 40.0 42
38 36 80.0 42
38 61 10.0 42
38 83 10.0 42
38 19 100.0 42
38 1 100.0 42
8 2 40.0 13
8 4 10.0 13
8 6 80.0 13
8 9 30.0 13
8 10 10.0 13
8 12 20.0 13
8 13 100.0 13
8 22 30.0 13
8 24 80.0 13
8 26 60.0 13
8 27 60.0 13
8 28 30.0 13
8 35 40.0 13
8 45 40.0 13
8 52 60.0 13
8 54 60.0 13
8 59 10.0 13
8 67 20.0 13
8 68 40.0 13
8 72 20.0 13
8 88 70.0 13
8 98 60.0 13
16 2 60.0 33
16 3 40.0 33
16 10 60.0 33
16 23 100.0 33
16 44 50.0 33
16 49 30.0 33
16 53 70.0 33
16 72 40.0 33
16 85 100.0 33
31 2 80.0 42
31 15 100.0 42
31 20 90.0 42
31 85 90.0 42
31 95 30.0 42
31 96 50.0 42
31 99 10.0 42
34 2 90.0 60
34 3 60.0 60
34 29 100.0 60
34 69 10.0 60
34 70 40.0 60
36 2 10.0 37
36 24 80.0 37
36 32 40.0 37
36 38 80.0 37
36 39 40.0 37
36 42 70.0 37
36 53 40.0 37
36 61 60.0 37
47 2 40.0 100
47 3 90.0 100
47 6 100.0 100
82 2 70.0 75
82 10 60.0 75
82 66 10.0 75
82 90 40.0 75
10 3 30.0 27
10 7 90.0 27
10 8 10.0 27
10 16 60.0 27
10 37 60.0 27
10 38 60.0 27
10 40 40.0 27
10 63 60.0 27
10 74 50.0 27
10 82 60.0 27
10 95 100.0 27
15 3 90.0 37
15 9 60.0 37
15 11 40.0 37
15 22 20.0 37
15 31 100.0 37
15 35 80.0 37
15 88 30.0 37
15 97 90.0 37
20 3 80.0 27
20 7 30.0 27
20 14 60.0 27
20 31 90.0 27
20 32 40.0 27
20 38 40.0 27
20 48 90.0 27
20 57 90.0 27
20 62 100.0 27
20 63 100.0 27
20 86 20.0 27
22 3 50.0 75
22 8 30.0 75
22 15 20.0 75
22 23 40.0 75
24 3 40.0 37
24 4 80.0 37
24 8 80.0 37
24 28 70.0 37
24 32 90.0 37
24 36 80.0 37
24 43 90.0 37
24 61 100.0 37
32 3 60.0 50
32 20 40.0 50
32 24 90.0 50
32 36 40.0 50
32 69 40.0 50
32 75 10.0 50
76 3 20.0 75
76 53 50.0 75
76 71 100.0 75
76 85 90.0 75
9 4 100.0 21
9 6 10.0 21
9 8 30.0 21
9 13 30.0 21
9 15 60.0 21
9 26 90.0 21
9 30 40.0 21
9 37 100.0 21
9 48 40.0 21
9 51 50.0 21
9 56 40.0 21
9 58 70.0 21
9 79 80.0 21
9 95 50.0 21
12 4 30.0 75
12 7 90.0 75
12 8 20.0 75
12 33 100.0 75
26 4 70.0 75
26 8 60.0 75
26 9 90.0 75
26 29 40.0 75
30 4 20.0 100
30 9 40.0 100
30 18 60.0 100
33 4 70.0 75
33 7 80.0 75
33 12 100.0 75
33 48 60.0 75
37 4 70.0 42
37 9 100.0 42
37 10 60.0 42
37 60 90.0 42
37 66 10.0 42
37 73 90.0 42
37 94 100.0 42
42 4 60.0 33
42 11 20.0 33
42 36 70.0 33
42 43 80.0 33
42 50 20.0 33
42 55 10.0 33
42 57 20.0 33
42 66 10.0 33
42 77 30.0 33
44 4 10.0 60
44 14 70.0 60
44 16 50.0 60
44 59 50.0 60
44 83 100.0 60
45 4 40.0 75
45 6 20.0 75
45 8 40.0 75
45 84 20.0 75
46 4 60.0 60
46 6 60.0 60
46 17 10.0 60
46 86 80.0 60
46 96 80.0 60
52 4 90.0 100
52 8 60.0 100
52 51 20.0 100
62 4 60.0 100
62 6 30.0 100
62 20 100.0 100
64 4 40.0 100
64 14 30.0 100
64 50 20.0 100
67 4 100.0 50
67 8 20.0 50
67 56 80.0 50
67 89 40.0 50
67 63 100.0 50
67 19 100.0 50
68 4 40.0 100
68 8 40.0 100
68 54 50.0 100
78 4 80.0 100
78 11 100.0 100
78 71 50.0 100
79 4 20.0 100
79 9 80.0 100
79 21 30.0 100
93 4 90.0 100
93 14 70.0 100
93 63 50.0 100
23 5 30.0 100
23 16 100.0 100
23 22 40.0 100
83 5 70.0 100
83 38 10.0 100
83 44 100.0 100
77 6 40.0 75
77 42 30.0 75
77 49 20.0 75
77 87 60.0 75
29 7 30.0 42
29 14 20.0 42
29 26 40.0 42
29 34 100.0 42
29 53 100.0 42
29 57 10.0 42
29 80 60.0 42
43 7 30.0 60
43 24 90.0 60
43 42 80.0 60
43 56 100.0 60
43 13 100.0 1084743
51 7 80.0 75
51 9 50.0 75
51 14 30.0 75
51 52 20.0 75
66 7 80.0 42
66 37 10.0 42
66 42 10.0 42
66 73 70.0 42
66 81 80.0 42
66 82 10.0 42
66 94 50.0 42
74 7 20.0 100
74 10 50.0 100
74 11 70.0 100
91 7 40.0 100
91 35 40.0 100
91 49 30.0 100
39 11 50.0 100
39 25 10.0 100
39 36 40.0 100
41 11 90.0 100
41 14 90.0 100
41 25 10.0 100
55 19 30.0 75
55 25 40.0 75
55 42 10.0 75
55 84 60.0 75
60 19 50.0 100
60 37 90.0 100
60 54 60.0 100
28 8 30.0 100
28 24 70.0 100
28 25 70.0 100
58 9 70.0 100
58 25 50.0 100
58 50 40.0 100
89 27 30.0 100
89 65 60.0 100
89 67 40.0 100
72 8 20.0 50
72 14 60.0 50
72 16 40.0 50
72 75 20.0 50
72 81 50.0 50
72 86 40.0 50
98 8 60.0 100
98 85 30.0 100
98 90 50.0 100
97 14 50.0 100
97 15 90.0 100
97 92 80.0 100
54 8 60.0 50
54 13 80.0 50
54 14 80.0 50
54 60 60.0 50
54 68 50.0 50
54 71 70.0 50
87 14 50.0 75
87 73 100.0 75
87 77 60.0 75
87 88 60.0 75
99 14 100.0 100
99 31 10.0 100
99 61 40.0 100
35 8 40.0 50
35 15 80.0 50
35 21 70.0 50
35 63 40.0 50
35 69 60.0 50
35 91 40.0 50
80 29 60.0 100
80 48 20.0 100
80 70 50.0 100
88 8 70.0 100
88 15 30.0 100
88 87 60.0 100
53 16 70.0 50
53 29 100.0 50
53 36 40.0 50
53 76 50.0 50
53 84 10.0 50
53 96 70.0 50
85 16 100.0 75
85 31 90.0 75
85 76 90.0 75
85 98 30.0 75
95 9 50.0 100
95 10 100.0 100
95 31 30.0 100
96 31 50.0 100
96 46 80.0 100
96 53 70.0 100
69 32 40.0 100
69 34 10.0 100
69 35 60.0 100
61 24 100.0 75
61 36 60.0 75
61 38 10.0 75
61 99 40.0 75
63 10 60.0 60
63 20 100.0 60
63 35 40.0 60
63 93 50.0 60
63 67 100.0 60
73 13 30.0 75
73 37 90.0 75
73 66 70.0 75
73 87 100.0 75
48 9 40.0 75
48 20 90.0 75
48 33 60.0 75
48 80 20.0 75
57 20 90.0 100
57 29 10.0 100
57 42 20.0 100
86 20 20.0 100
86 46 80.0 100
86 72 40.0 100
84 45 20.0 100
84 53 10.0 100
84 55 60.0 100
