0 1 70
0 2 30
0 3 100
0 4 30
0 5 80
0 6 40
0 8 10
0 9 100
0 10 70
0 11 10
0 12 90
0 13 50
0 16 20
0 22 90
0 27 60
0 29 40
0 32 90
0 34 20
0 35 40
0 38 80
0 39 100
0 43 30
0 46 70
0 55 100
0 56 40
0 58 80
0 59 10
0 61 50
0 63 70
0 67 100
0 71 30
0 72 20
0 90 60
0 91 80
1 28 90
1 60 10
2 4 90
2 6 100
2 8 70
2 15 10
2 20 80
2 22 10
2 24 100
2 25 70
2 27 50
2 32 20
2 34 40
2 36 50
2 43 20
2 51 40
2 75 20
3 4 40
3 5 90
3 7 40
3 10 90
3 11 10
3 14 100
3 15 70
3 18 30
3 19 90
3 21 60
3 23 40
3 24 40
3 35 60
3 37 90
3 43 100
3 60 90
3 72 20
3 77 60
3 84 30
3 85 20
4 5 40
4 6 70
4 7 50
4 9 40
4 10 30
4 12 80
4 13 70
4 14 10
4 18 20
4 19 80
4 21 20
4 23 50
4 26 10
4 27 50
4 28 40
4 30 40
4 33 80
4 36 80
4 40 30
4 41 10
4 42 80
4 44 80
4 45 50
4 47 10
4 48 80
4 51 50
4 54 80
4 55 80
4 57 10
4 70 10
4 78 40
4 92 20
4 96 90
4 97 60
5 29 60
5 31 60
5 45 100
5 67 100
6 7 90
6 9 80
6 11 100
6 12 10
6 16 100
6 17 80
6 40 80
6 47 70
6 49 20
6 71 90
6 76 100
6 80 90
7 8 20
7 15 50
7 17 40
7 25 10
7 33 20
7 37 20
7 39 40
7 40 30
7 50 30
7 61 20
7 82 60
8 24 10
8 25 50
8 31 70
8 41 30
8 50 60
8 51 60
8 58 10
8 66 90
8 74 10
8 88 10
9 20 30
9 41 50
9 62 30
9 65 10
9 67 80
9 75 80
9 78 80
9 84 60
9 87 80
9 88 60
10 38 20
10 68 100
10 99 90
11 34 30
11 70 10
11 74 70
12 13 100
12 18 10
12 21 20
12 30 40
12 59 80
12 66 40
13 14 100
13 22 30
13 37 50
13 56 90
13 58 40
13 60 10
14 16 20
14 19 90
14 23 10
14 31 100
14 33 10
14 55 60
14 64 30
14 73 20
15 20 10
15 26 40
15 32 20
15 48 10
15 80 30
15 81 40
15 96 70
16 17 40
16 39 80
16 53 30
16 99 30
17 46 20
17 59 80
17 85 50
17 98 40
18 92 30
19 62 100
19 64 60
20 26 40
20 29 90
20 46 20
20 49 40
20 81 10
20 97 40
21 28 50
21 47 90
21 52 40
21 54 50
21 64 10
21 77 80
22 74 60
22 78 10
22 89 100
23 36 70
23 81 30
24 35 10
24 53 30
24 83 70
26 44 20
26 65 40
27 62 50
27 65 10
27 87 40
28 30 50
29 68 60
29 71 60
29 76 90
29 83 80
29 87 30
29 97 50
31 38 90
31 42 50
32 45 30
32 56 20
32 76 20
32 86 20
32 88 20
32 93 80
33 73 20
33 84 80
33 95 30
34 44 50
34 98 10
36 42 90
36 48 60
36 90 20
39 49 10
39 90 40
44 79 30
45 57 40
46 52 90
46 95 80
46 98 20
46 99 20
47 57 60
48 50 10
49 63 20
49 79 100
49 80 60
49 92 10
51 52 20
51 53 30
51 54 50
52 72 20
53 61 40
53 82 20
53 86 90
53 94 50
54 63 60
54 66 80
55 73 70
55 89 40
56 91 50
56 93 40
57 93 50
59 69 100
60 77 70
61 70 10
66 69 80
66 85 90
67 68 10
68 69 30
68 89 10
69 79 10
74 75 80
74 94 100
81 82 60
82 83 100
82 96 30
84 86 90
84 94 90
89 91 70
94 95 60
