0 1 80 15
0 2 30 15
0 3 70 15
0 5 40 15
0 6 50 15
0 9 80 15
0 11 40 15
0 18 20 15
0 20 50 15
0 32 20 15
0 51 10 15
0 52 20 15
0 53 80 15
0 58 20 15
0 59 90 15
0 75 10 15
0 79 90 15
0 87 10 15
0 99 40 15
1 0 80 13
1 4 80 13
1 7 60 13
1 8 70 13
1 10 10 13
1 16 80 13
1 17 90 13
1 19 70 13
1 20 90 13
1 22 70 13
1 24 30 13
1 26 70 13
1 28 30 13
1 37 100 13
1 38 100 13
1 48 20 13
1 55 100 13
1 56 70 13
1 62 100 13
1 71 50 13
1 74 40 13
1 75 70 13
1 85 70 13
2 0 30 30
2 4 100 30
2 5 30 30
2 7 20 30
2 11 40 30
2 12 80 30
2 23 100 30
2 30 60 30
2 34 20 30
2 64 100 30
3 0 70 27
3 4 100 27
3 9 90 27
3 26 70 27
3 27 60 27
3 35 80 27
3 44 10 27
3 66 70 27
3 76 90 27
3 78 40 27
3 97 90 27
5 0 40 23
5 2 30 23
5 4 40 23
5 6 100 23
5 7 60 23
5 14 40 23
5 16 90 23
5 28 10 23
5 41 50 23
5 69 100 23
5 72 80 23
5 83 50 23
5 92 50 23
6 0 50 11
6 4 20 11
6 5 100 11
6 8 100 11
6 9 10 11
6 13 20 11
6 14 30 11
6 15 40 11
6 16 10 11
6 17 60 11
6 19 100 11
6 22 90 11
6 29 80 11
6 40 90 11
6 42 80 11
6 43 50 11
6 46 30 11
6 48 20 11
6 49 70 11
6 51 30 11
6 52 70 11
6 54 20 11
6 79 100 11
6 86 100 11
6 88 30 11
6 89 50 11
9 0 80 20
9 3 90 20
9 6 10 20
9 10 90 20
9 23 20 20
9 30 100 20
9 31 100 20
9 33 10 20
9 36 40 20
9 37 10 20
9 42 10 20
9 43 30 20
9 55 70 20
9 85 90 20
9 99 70 20
11 0 40 30
11 2 40 30
11 7 80 30
11 12 50 30
11 20 30 30
11 21 60 30
11 26 40 30
11 27 20 30
11 38 30 30
11 58 70 30
18 0 20 100
18 7 70 100
18 16 50 100
20 0 50 42
20 1 90 42
20 11 30 42
20 33 60 42
20 59 90 42
20 61 50 42
20 84 60 42
32 0 20 42
32 12 60 42
32 31 40 42
32 36 90 42
32 72 20 42
32 83 20 42
32 88 40 42
51 0 10 60
51 6 30 60
51 28 20 60
51 58 40 60
51 93 70 60
52 0 20 75
52 6 70 75
52 24 60 75
52 60 30 75
53 0 80 75
53 16 60 75
53 35 90 75
53 79 100 75
58 0 20 50
58 11 70 50
58 51 40 50
58 62 20 50
58 79 90 50
58 82 60 50
59 0 90 100
59 17 40 100
59 20 90 100
75 0 10 100
75 1 70 100
75 13 30 100
79 0 90 60
79 6 100 60
79 58 90 60
79 99 100 60
79 53 100 1084560
87 0 10 60
87 7 30 60
87 10 10 60
87 47 100 60
87 99 100 1084561
99 0 40 60
99 4 50 60
99 9 70 60
99 87 100 60
99 79 100 1084561
4 1 80 14
4 2 100 14
4 3 100 14
4 5 40 14
4 6 20 14
4 8 70 14
4 14 50 14
4 17 50 14
4 22 40 14
4 25 90 14
4 38 30 14
4 40 70 14
4 50 100 14
4 66 40 14
4 70 70 14
4 71 90 14
4 73 30 14
4 80 10 14
4 92 80 14
4 97 50 14
4 99 50 14
7 1 60 23
7 2 20 23
7 5 60 23
7 11 80 23
7 13 30 23
7 18 70 23
7 19 100 23
7 25 30 23
7 31 10 23
7 34 80 23
7 35 100 23
7 64 70 23
7 87 30 23
8 1 70 37
8 4 70 37
8 6 100 37
8 10 70 37
8 12 30 37
8 21 40 37
8 82 90 37
8 97 100 37
10 1 10 50
10 8 70 50
10 9 90 50
10 39 10 50
10 80 10 50
10 87 10 50
16 1 80 25
16 5 90 25
16 6 10 25
16 18 50 25
16 24 90 25
16 30 70 25
16 42 30 25
16 47 30 25
16 53 60 25
16 66 90 25
16 70 90 25
16 91 40 25
17 1 90 42
17 4 50 42
17 6 60 42
17 21 30 42
17 24 70 42
17 59 40 42
17 92 70 42
19 1 70 33
19 6 100 33
19 7 100 33
19 31 10 33
19 37 10 33
19 50 70 33
19 67 70 33
19 73 50 33
19 94 10 33
22 1 70 37
22 4 40 37
22 6 90 37
22 50 80 37
22 54 100 37
22 63 100 37
22 77 100 37
22 96 80 37
24 1 30 50
24 16 90 50
24 17 70 50
24 52 60 50
24 55 80 50
24 57 30 50
26 1 70 42
26 3 70 42
26 11 40 42
26 29 50 42
26 36 60 42
26 67 60 42
26 78 60 42
28 1 30 42
28 5 10 42
28 12 50 42
28 45 90 42
28 51 20 42
28 65 10 42
28 68 80 42
37 1 100 100
37 9 10 100
37 19 10 100
38 1 100 75
38 4 30 75
38 11 30 75
38 62 30 75
48 1 20 75
48 6 20 75
48 45 60 75
48 86 10 75
55 1 100 100
55 9 70 100
55 24 80 100
56 1 70 100
56 13 70 100
56 27 20 100
62 1 100 100
62 38 30 100
62 58 20 100
71 1 50 100
71 4 90 100
71 66 60 100
74 1 40 100
74 31 60 100
74 36 80 100
85 1 70 75
85 9 90 75
85 46 100 75
85 90 20 75
12 2 80 20
12 8 30 20
12 11 50 20
12 13 30 20
12 25 20 20
12 28 50 20
12 29 90 20
12 32 60 20
12 34 10 20
12 60 70 20
12 63 70 20
12 76 70 20
12 78 60 20
12 81 80 20
12 94 60 20
23 2 100 75
23 9 20 75
23 21 20 75
23 39 40 75
30 2 60 60
30 9 100 60
30 16 70 60
30 69 50 60
30 90 90 60
34 2 20 42
34 7 80 42
34 12 10 42
34 39 10 42
34 44 40 42
34 63 90 42
34 80 60 42
64 2 100 100
64 7 70 100
64 44 20 100
27 3 60 60
27 11 20 60
27 15 100 60
27 56 20 60
27 95 20 60
35 3 80 42
35 7 100 42
35 13 30 42
35 44 10 42
35 53 90 42
35 93 20 42
35 96 30 42
44 3 10 60
44 34 40 60
44 35 10 60
44 60 50 60
44 64 20 60
66 3 70 75
66 4 40 75
66 16 90 75
66 71 60 75
76 3 90 75
76 12 70 75
76 43 100 75
76 98 80 75
78 3 40 100
78 12 60 100
78 26 60 100
97 3 90 100
97 4 50 100
97 8 100 100
14 4 50 60
14 5 40 60
14 6 30 60
14 15 100 60
14 46 80 60
25 4 90 75
25 7 30 75
25 12 20 75
25 84 70 75
40 4 70 75
40 6 90 75
40 13 40 75
40 45 50 75
50 4 100 75
50 19 70 75
50 22 80 75
50 91 50 75
70 4 70 75
70 13 90 75
70 16 90 75
70 98 70 75
73 4 30 60
73 19 50 60
73 39 20 60
73 84 30 60
73 95 20 60
80 4 10 75
80 10 10 75
80 34 60 75
80 90 100 75
92 4 80 100
92 5 50 100
92 17 70 100
41 5 50 100
41 13 20 100
41 31 90 100
69 5 100 75
69 30 50 75
69 36 70 75
69 89 70 75
72 5 80 100
72 21 100 100
72 32 20 100
83 5 50 100
83 32 20 100
83 81 60 100
13 6 20 23
13 7 30 23
13 12 30 23
13 15 60 23
13 35 30 23
13 40 40 23
13 41 20 23
13 43 40 23
13 47 90 23
13 49 90 23
13 56 70 23
13 70 90 23
13 75 30 23
15 6 40 60
15 13 60 60
15 14 100 60
15 27 100 60
15 95 50 60
29 6 80 60
29 12 90 60
29 26 50 60
29 61 30 60
29 65 20 60
42 6 80 60
42 9 10 60
42 16 30 60
42 57 40 60
42 67 70 60
43 6 50 37
43 9 30 37
43 13 40 37
43 45 60 37
43 76 100 37
43 77 50 37
43 81 100 37
43 93 60 37
46 6 30 75
46 14 80 75
46 21 100 75
46 85 100 75
49 6 70 42
49 13 90 42
49 31 20 42
49 54 10 42
49 57 30 42
49 61 70 42
49 81 60 42
54 6 20 100
54 22 100 100
54 49 10 100
86 6 100 100
86 36 60 100
86 48 10 100
88 6 30 100
88 32 40 100
88 36 10 100
89 6 50 100
89 69 70 100
89 84 20 100
31 7 10 30
31 9 100 30
31 19 10 30
31 32 40 30
31 33 90 30
31 41 90 30
31 49 20 30
31 74 60 30
31 77 40 30
31 98 90 30
21 8 40 50
21 11 60 50
21 17 30 50
21 23 20 50
21 46 100 50
21 72 100 50
82 8 90 100
82 58 60 100
82 63 10 100
33 9 10 100
33 20 60 100
33 31 90 100
36 9 40 33
36 26 60 33
36 32 90 33
36 65 10 33
36 69 70 33
36 74 80 33
36 86 60 33
36 88 10 33
36 96 20 33
39 10 10 60
39 23 40 60
39 34 10 60
39 47 10 60
39 73 20 60
60 12 70 60
60 44 50 60
60 52 30 60
60 68 10 60
60 91 20 60
63 12 70 60
63 22 100 60
63 34 90 60
63 68 60 60
63 82 10 60
81 12 80 75
81 43 100 75
81 49 60 75
81 83 60 75
94 12 60 100
94 19 10 100
94 77 10 100
47 13 90 75
47 16 30 75
47 39 10 75
47 87 100 1084561
95 15 50 100
95 27 20 100
95 73 20 100
91 16 40 100
91 50 50 100
91 60 20 100
67 19 70 100
67 26 60 100
67 42 70 100
61 20 50 100
61 29 30 100
61 49 70 100
84 20 60 75
84 25 70 75
84 73 30 75
84 89 20 75
77 22 100 75
77 31 40 75
77 43 50 75
77 94 10 75
96 22 80 100
96 35 30 100
96 36 20 100
57 24 30 100
57 42 40 100
57 49 30 100
45 28 90 75
45 40 50 75
45 43 60 75
45 48 60 75
65 28 10 100
65 29 20 100
65 36 10 100
68 28 80 100
68 60 10 100
68 63 60 100
90 30 90 100
90 80 100 100
90 85 20 100
98 31 90 100
98 70 70 100
98 76 80 100
93 35 20 100
93 43 60 100
93 51 70 100
